·. 1101111011 11 11100000.

111

0110011101 11, 69, 03. 14. 70, 0111111 0000001011 449 ,10110111-

1. 413, 6. 11. 414,11. 476,
0111111101 1111011 11111011 filiu·
011110111111111509, 14.
chrm 101011 1, 370, 11. 391, 4.

19010110 10 monte 11101 1,
548, 13. 0111111 natalium 1010-
1000 11, 81, 1. 0111111 1111110111
imago 11, 118, 19. 0111111111-

’ 111011101 10006010001110111110

11111315· 111, ¹7²2 1·

· 479, 4. 540,14.11, 184, 7. 111, 011111000111 1, 14, 6. 38,11. ,

809. . 01010011910010100-
11110 101111 10 ’10οο1 cingulo!
00011111 1, 371, 14. {n 11010100·
,01114111111111111110
0010110111111, 380, 1. 01111
1010110 reditur 1, 380,1. 0111
0006610101 Latino 10100001
,0101 committur 1,385,11. 0111

1. 115,13.16.11,164,11. ,
16. .306,11. 333, 1. 536,
11. l ,30, 14. 115,4 0001110111
100οἰ1010 110111101001 l, 14, 11, ’

10 Τ1110111,15’, rb 101,13. ·

17.161,10. 10001110 10060111·
1100011011, 116,11. 0010111111
christopolim 0011011111 11, 346,
22.

apecula 1, 479, 4. 0110101101- 01000οι magum 1111100011010 ’

’1111, 583, 11. barini· 11011111
. l

1, 168, 10.

1 14ὶ 584, 3. ²Cb ⁶3¹²²⁸⁰³⁸ subacta {mim 1104101 1111380, 41.
811 1641111 11101111.1141111111χ 1111 ι1111011111,]1011111151ΜΨΙΙ Pede

81, 8. 0111 1101100001 01100010· 0100111111 subscribebant impera.

111 B 01101 1000010111, 81,

10101 11, 353, 15. ·

10. 0 110110110101111101 011- 0100111001 000101 11111100 11191-

101100011110101 111,81,15. grim

1100010 11, 113, 11.

(icruentibus dedita ur, 81, 10. 0100100107111001 1111010101]- ,

83, 8. 01101100011101111011111
(11111101811011101111011011111 uam·
. 011111111191111111 1, 411, 4. 11,
11.·

2 Ι
gibba 00011111100111, 113,10.

. 0111011101 1,(149, 7. 167,1ι. 168,

01111111111111101001 11011, 161,

’ > 3. 1649 1111001001001011001-

1091111, 198, 11. imperatori

1111111111 collega 11, 549, ¹7·
1841. 0001 cr 11010011101
’11, 599) 181

0101101111 111, 431, 19.

011101 01111,435,14.

0101111 centum 01 qumque 01-
1111011,375,8, 00101701 11 10-
010101011 1, 470, 16. 17011001 ct
001091101477, 1. (1000001001

01 qulnquaginta ll, 5614. 10-

1111111141145131111111111

11384, 9. trecentarum octoginta

11,387,11. 01111101101010 110011-

0110111, 575, 8.

’010110010οο 1010101001 11193, claviger strategio· 11, 879, 9.
19197, 11. 1101 110111 11, 133, 4. 0110001010 1, 483, 5.
· loanni 010110011οο fidem 10110 ’01001001 0100 10101 00101011 111-

obstringit 11, 174, 6 mortuus
11, 114, 7. 318, 4.
0111111ιο0100 0001100011 101111
Ι, 543, 10. 0111111101 11111010-
171011 turi 1111110 sulcantur,
96, 19.(11111111001001 0111000-
110 1011 81111100 111, 100, 8.
&hubini 101 Aegypti 8011000
1011011111, 103, 16. ·

⁴ 011111111010 111.

10111, 540, 1. 010111110100111
imperatricem ss, 540, 8. 111

cumdem 11001108111101010101 ⁸

legati 111, 13, 5. ei 11 purgat
010100010001 dc 11001111 111-
11111 111,53, 14. Ioannem 010-
11ου1100ιο Imperatorem 1101101
111, 54, 15.1011010100111101,000·
101001 cogeret 0700110111 occu·

38

 

