⁵9⁸

. 401, 3· 10 11001110 irrumpunt
10111011, 530, 11. umorum
1011111 0110101001 11, 591, 5.
1100111 1101110 6010101011,
595, 311001110101101111590,
03. 0011111111111,601,16.

0011101011

noo 16111 Ι11, 101, 11, a..

-100111 11110011 1 (1100011 1111.

0000100101 11111011 11110111.
...ῗὲῒυῖῗὲἑὲιᾯῧρωῗῦζ
140, 1

1110100 11111111 ΙΙΙ, 10, 41100· 10011101ῗο01 6111110100 1, 149,

1001111110
6
114, 9. 000111 61011001οο010
00010011 ΙΙΙ, 140, 4. 1001011111,
14111. 0010010111 0111111·
01111 lu, 1501. 110011111οΠ·
01001111111111109, 5. 110011
qun 1111000 11001011 ΙΙΙ, 1907.
1100Ιο011111,11. 11111. 11014.
110011111Ιο1 0111011οω0 Merope·
0110100101 ΙΙ, 401, 10, 0101 mo-
101 01100001οι0 11111. ad 0011·
111101 10011111 001110110111411,
16. 1111011111 1011111 ΙΙ, 41111.
1010011 0101111111, 411, 14 10·
1111001110111, 411, 11. 10100·
11111 10 00101011 ΙΙ, 41110. 11·
superabunt 11110101 ΙΙ, 410, 0.
1001101 1011111111, 401, 10. 0111
0010011111, 51011. 0101 cru·
1101111111, 511,10. 10 00001
0111111511, 11. 0101 111011100-
011151416-
111110111011010 101111111516,
6. 0001011010οι 10 00010 0110-
011111 Ι, 405, 4, 0001010100
1101111 Ι, 14110. 1011110111,
149, 14. memborum 10001
10111101101 Ι, 551, 10. 10001011
100000111110101 111101 0110101111,
60, 1. 00010101100110100010·
100111 1110010111, 141, 10. 010·
0101 00010101 1000111 01111
01101101 11, 196, 16. 0001011
001011011101100011 01101110101
ΙΙ, 109, 1. 0001010100 000101
0110010010 011100 00010111011,
461, 19. 0001011 1011111111 111·
00100 11, 503, 5, 0001010100

,vtae 61011001, 0001101100
4111111, 114, 1. 1110011001,
13111111111111
500100 1111110001 154111. 01·
011101111001 0001010 11101,
146, 11, 1000111011οι 1011 111
Ι, 550, 10, 0001110111 aedi

11000 11110010 00000 01101111
1159, 11. 00000110011010
ΙΙ, 140, 1. 0000101100 6010·
00000 11, 165, 0. 0001110111 11
01101101, 0111 0110110111, 101,
16. 0001101100111100111111,
1113111111,ῗί 1416041 aasz
611011 ΙΙ, 111,10,0001110111ι
1111111011111, 1, 1110 num
monaterio 10110011 01001111·
0101110 11, 111,10. 0001110111·
eluisti 5011110111 0110101111
491, 5, 00010101111 10110110 011·
00111,510,18.0100111011010010·
01111, 530, 18. 00011101111110-

1010101011 010100 0111010 51111-

οΙ vida 1110100110. nont·
1101100 1101011110 11Ι,106,1.
6. 1110110111 vide 1110111. 00·
0111011010 10 1110011111 vib
1110010000. 0000101111 111-
1111 1110111011 0101111 ΙΙΙ, 116,
11 0000101111ιο christi 1110-
01000 101111111111,101,4 0011-
1101100 1101000111 vide 111001·
11100. 0001110111110110111 1111
umnam. 100ου111100 011111
111100 01101001111111,1101
1Δοἱὶ 0001110111Ιο 1110 vd.
ο.

1010101 ΙΙ, 506, 9. 00111011 10 011100111101111111111,

10011 1011001 11, 511, 8. 0000-
011 1001011 1111 11, 510, 0. 100-
010101 100001110111, 519, 14.

¹⁰· 395, 1 400, 4. 401, 11. fl,
niwaizzw‘ffi

10001011 011001001 1011011 010- 0011011481, 5.
11 (1101011111, 604,11. 0001- 11100010 (10 001111 6111111001

01101010 1010111 1000010101 11·

dux 111, 110, 15.

00111 111, 100, 1. 00010111 1 nonina 0100011 do 10110101111

 

