1611111611 er 1111191611. 587 ’

imperatori 1311 911 nt, 9, 14. 333619113919 3636918. 111, 99, 9.
3979111131191111 111, 11, 91. 63616163 orum patriarcha 31,
eiu· nuptiae 911111 36915116 re 499, 8. 563, ιι. 357, 7, 133 ,96,
laeetogp 11117. ibid. coronatur 19.691,19 63616163791313691·
ibid. 93111 6333 11413613. iru- piorum 61119 ΙΙΙ, 96, 9. 333916-
9391111136953, 91. , 16379131 3661 saneta frequentata
1191197191911,339,11.417,11. ΙΙΙ,96, ιι. Hierosolymis rer
477, 8 5659. 33,4 4,19 18439,66131139961111111931199439168113-
19. 59 ,91. 93 5364 4917ὶ 9, 1993 333,96 ,.18 Hierosolyma
17. Ι, 39, 96. 1631633 11919 33397, 14 17.
. 1716911159 1119196199139113116 Hippagogil, 375, 16
6673117, Ι, 4835, 323. 333, 63, 99. 3337769999911116116996169133
11 9 1 16.
67131936959111393139119 74, 336156461131669379199 1619736193,
7. 984, 91. expurgatum 333 165, 168, 96. 3631719961. 365 13. tt,
9. plurium 11113919 capax 333, 97 9 366, 93.38 438, 667, 16.
pplaeppo 1713161991 39 99 71119196 07349991194197199331,Ι Ξ751. α
“ w 6936111191, Ι
33911631936116316 93131913, 116, 345114, 4. 7
5136191361. 1945 33,4,91 ’039 11651333 3999.

15. 498, 15 194 439 ,nrm 47974. Homophyiir inter 16 captivos 31·

eq 3339 11. 913, e 6619993113, 4,136

1993999191093197161116131 113639- Honoratii 96633613, 3169, 8.

1619161164361333, 498,1. 3367191191 legatur e 6366131 3,
«3311193919111119333,489,94. 6161 187,19 ’

Remorum 1111911911319.397191999169111,139,15 3639.

13.9179911119333,911,9 93. annot. 39716 labem (3963191111
nemiremini» optimates cepti- 478, 16.

71111,111,4.11199311911919 6617311391 donor Byzantii 333,
{gatgeriae 55535111333ο15584 33159567 6165571631 31667111 oritate
1833911639169193167613111191333,71193391161991455,17.

Hellrssc'irreffl'n'ragenerrnteri, 144, 355115415657595139313,366,14.67·

1111191919 1161611119 9319191 119939-
336911963619 obsidetur 33,,47616 latinii, 16, 4. 61116111 111 33

6161361191633,483,1.4 33, 51, 91. 6719113 matutini 3,
333691111791113, 189, 93. 6161119 41715.
somme 116133 91715313 66611693 Hyperborei 1116111613, 188,.9
333, roe& 337791771166119 oppidulumli, 496,
3319159,3663116191113, 556, 3. 95 49716
3339199 3699619311ιί 711931916133,337131939193,339,19
5961.5197.716191111111997911γ
toron 9691191991ῐί 55917.
7113916111, 566, reveheretur 3166313119 61619693 333 ,99, 99. 36317.
etro 1119111633 569, 16 urbium 611963. 96111919ρὶ196 91 ibid.
’3119319711639916133,363,1,116669181971133111119653613699-
11331116196 61911669916136361 ffimm 3198919193 imperatorem
, Ι 8 118
ulmi& 99713691 33,496,91.497,11663161 5111311 ex 36111931 6111-
1.7 593, 8 99, uite 913 ortium 1166961ιὶ 3163339136111 rt‚76‚ 1
· 36931163459917 prorepere 3679191 ad imperatricem lt, 39 5,
7771133663 16 19916133167611· per iorum 11661111 et inter»
13431113 orientem 333, 994,11. 35611133, 398, 91.

 

